-0.5 -0.5 1.5
-0.5 -0.5 8.5
-0.5 -0.5 9.5
-1.5 -0.5 10.5
-0.5 -0.5 10.5
0.5 -0.5 4.5
1.5 -0.5 4.5
1.5 -0.5 5.5
2.5 -0.5 9.5
1.5 -0.5 10.5
1.5 -0.5 11.5
3.5 -0.5 12.5
-0.5 0.5 1.5
-0.5 0.5 2.5
-0.5 0.5 3.5
-1.5 0.5 4.5
-0.5 0.5 4.5
-2.5 0.5 7.5
-1.5 0.5 7.5
-2.5 0.5 8.5
-2.5 1.5 8.5
-2.5 0.5 9.5
-2.5 1.5 9.5
-1.5 0.5 8.5
-0.5 0.5 8.5
-1.5 1.5 8.5
-0.5 1.5 8.5
-1.5 0.5 9.5
-0.5 0.5 9.5
-1.5 1.5 9.5
-0.5 1.5 9.5
-0.5 2.5 9.5
-3.5 0.5 10.5
-2.5 0.5 10.5
-1.5 0.5 10.5
-0.5 0.5 10.5
-1.5 1.5 10.5
-0.5 1.5 10.5
-0.5 0.5 11.5
-1.5 2.5 10.5
-0.5 2.5 10.5
-6.5 5.5 21.5
-5.5 5.5 21.5
-4.5 5.5 21.5
-6.5 5.5 22.5
-6.5 5.5 23.5
-5.5 5.5 22.5
-4.5 5.5 22.5
-5.5 5.5 23.5
-4.5 5.5 23.5
-0.5 5.5 21.5
-3.5 5.5 22.5
-2.5 5.5 22.5
-3.5 5.5 23.5
-2.5 5.5 23.5
-1.5 5.5 22.5
-0.5 5.5 22.5
-1.5 5.5 23.5
-0.5 5.5 23.5
-4.5 5.5 24.5
-3.5 5.5 24.5
-2.5 5.5 24.5
-1.5 5.5 24.5
-0.5 5.5 24.5
-1.5 5.5 25.5
-0.5 5.5 25.5
-10.5 5.5 33.5
-9.5 5.5 33.5
-8.5 5.5 33.5
-10.5 5.5 34.5
-11.5 5.5 35.5
-10.5 5.5 35.5
-9.5 5.5 34.5
-8.5 5.5 34.5
-9.5 5.5 35.5
-8.5 5.5 35.5
-12.5 5.5 39.5
-11.5 5.5 36.5
-10.5 5.5 36.5
-11.5 5.5 37.5
-10.5 5.5 37.5
-9.5 5.5 36.5
-8.5 5.5 36.5
-9.5 5.5 37.5
-8.5 5.5 37.5
-11.5 5.5 38.5
-10.5 5.5 38.5
-11.5 5.5 39.5
-10.5 5.5 39.5
-9.5 5.5 38.5
-8.5 5.5 38.5
-9.5 5.5 39.5
-8.5 5.5 39.5
-7.5 5.5 34.5
-6.5 5.5 34.5
-7.5 5.5 35.5
-6.5 5.5 35.5
-5.5 5.5 34.5
-5.5 5.5 35.5
-4.5 5.5 35.5
-3.5 5.5 35.5
-2.5 5.5 35.5
-7.5 5.5 36.5
-6.5 5.5 36.5
-7.5 5.5 37.5
-6.5 5.5 37.5
-5.5 5.5 36.5
-4.5 5.5 36.5
-5.5 5.5 37.5
-4.5 5.5 37.5
-7.5 5.5 38.5
-6.5 5.5 38.5
-7.5 5.5 39.5
-6.5 5.5 39.5
-5.5 5.5 38.5
-4.5 5.5 38.5
-5.5 5.5 39.5
-4.5 5.5 39.5
-3.5 5.5 36.5
-2.5 5.5 36.5
-3.5 5.5 37.5
-2.5 5.5 37.5
-3.5 5.5 38.5
-2.5 5.5 38.5
-3.5 5.5 39.5
-12.5 5.5 40.5
-11.5 5.5 40.5
-10.5 5.5 40.5
-10.5 5.5 41.5
-9.5 5.5 40.5
-8.5 5.5 40.5
-9.5 5.5 41.5
-8.5 5.5 41.5
-7.5 5.5 40.5
-6.5 5.5 40.5
-7.5 5.5 41.5
-6.5 5.5 41.5
-5.5 5.5 40.5
-4.5 5.5 40.5
-5.5 5.5 41.5
-4.5 5.5 41.5
-7.5 5.5 42.5
-6.5 5.5 42.5
-5.5 5.5 42.5
-4.5 5.5 42.5
-4.5 5.5 43.5
-3.5 5.5 40.5
-0.5 5.5 41.5
-0.5 5.5 42.5
-0.5 5.5 43.5
-0.5 5.5 44.5
0.5 0.5 1.5
0.5 0.5 2.5
0.5 0.5 3.5
1.5 0.5 3.5
0.5 0.5 4.5
1.5 0.5 4.5
0.5 1.5 4.5
1.5 1.5 4.5
1.5 0.5 5.5
1.5 1.5 5.5
0.5 0.5 8.5
1.5 0.5 8.5
0.5 1.5 8.5
1.5 1.5 8.5
0.5 0.5 9.5
1.5 0.5 9.5
0.5 1.5 9.5
1.5 1.5 9.5
2.5 0.5 9.5
2.5 1.5 9.5
2.5 2.5 9.5
0.5 0.5 10.5
1.5 0.5 10.5
0.5 1.5 10.5
1.5 1.5 10.5
0.5 0.5 11.5
1.5 0.5 11.5
1.5 1.5 11.5
2.5 0.5 10.5
3.5 0.5 10.5
2.5 1.5 10.5
3.5 1.5 10.5
2.5 0.5 11.5
3.5 0.5 11.5
3.5 1.5 11.5
1.5 2.5 10.5
1.5 2.5 11.5
2.5 0.5 12.5
3.5 0.5 12.5
3.5 1.5 12.5
3.5 2.5 12.5
0.5 5.5 21.5
1.5 5.5 21.5
2.5 5.5 21.5
3.5 5.5 21.5
0.5 5.5 22.5
1.5 5.5 22.5
0.5 5.5 23.5
1.5 5.5 23.5
2.5 5.5 22.5
3.5 5.5 22.5
2.5 5.5 23.5
3.5 5.5 23.5
4.5 5.5 21.5
5.5 5.5 21.5
6.5 5.5 21.5
4.5 5.5 22.5
5.5 5.5 22.5
4.5 5.5 23.5
5.5 5.5 23.5
6.5 5.5 22.5
6.5 5.5 23.5
7.5 5.5 23.5
0.5 5.5 24.5
1.5 5.5 24.5
0.5 5.5 25.5
1.5 5.5 25.5
2.5 5.5 24.5
3.5 5.5 24.5
2.5 5.5 25.5
3.5 5.5 25.5
1.5 5.5 26.5
2.5 5.5 26.5
3.5 5.5 26.5
4.5 5.5 24.5
5.5 5.5 24.5
4.5 5.5 25.5
5.5 5.5 25.5
6.5 5.5 24.5
7.5 5.5 24.5
6.5 5.5 25.5
7.5 5.5 25.5
4.5 5.5 26.5
5.5 5.5 26.5
4.5 5.5 27.5
5.5 5.5 27.5
6.5 5.5 26.5
7.5 5.5 26.5
6.5 5.5 27.5
7.5 5.5 27.5
7.5 5.5 28.5
8.5 5.5 26.5
8.5 5.5 27.5
8.5 5.5 28.5
1.5 5.5 37.5
2.5 5.5 37.5
3.5 5.5 37.5
0.5 5.5 38.5
1.5 5.5 38.5
0.5 5.5 39.5
1.5 5.5 39.5
2.5 5.5 38.5
3.5 5.5 38.5
2.5 5.5 39.5
3.5 5.5 39.5
4.5 5.5 38.5
5.5 5.5 38.5
4.5 5.5 39.5
5.5 5.5 39.5
6.5 5.5 38.5
6.5 5.5 39.5
0.5 5.5 40.5
1.5 5.5 40.5
0.5 5.5 41.5
1.5 5.5 41.5
2.5 5.5 40.5
3.5 5.5 40.5
2.5 5.5 41.5
3.5 5.5 41.5
0.5 5.5 42.5
1.5 5.5 42.5
0.5 5.5 43.5
1.5 5.5 43.5
2.5 5.5 42.5
3.5 5.5 42.5
2.5 5.5 43.5
3.5 5.5 43.5
4.5 5.5 40.5
5.5 5.5 40.5
4.5 5.5 41.5
5.5 5.5 41.5
6.5 5.5 40.5
6.5 5.5 41.5
4.5 5.5 42.5
5.5 5.5 42.5
4.5 5.5 43.5
5.5 5.5 43.5
6.5 5.5 42.5
0.5 5.5 44.5
1.5 5.5 44.5
1.5 5.5 45.5
2.5 5.5 44.5
3.5 5.5 44.5
2.5 5.5 45.5
3.5 5.5 45.5
3.5 5.5 46.5
4.5 5.5 44.5
5.5 5.5 44.5
4.5 5.5 45.5
5.5 5.5 45.5
4.5 5.5 46.5
11.5 5.5 41.5
11.5 5.5 42.5
11.5 5.5 43.5
12.5 5.5 40.5
12.5 5.5 41.5
12.5 5.5 42.5
12.5 5.5 43.5
10.5 5.5 44.5
11.5 5.5 44.5
10.5 5.5 45.5
11.5 5.5 45.5
11.5 4.5 46.5
10.5 5.5 46.5
11.5 5.5 46.5
11.5 4.5 47.5
12.5 5.5 44.5
12.5 5.5 45.5
